0	0
0.001	0.02
0.002	0.039
0.003	0.057058
0.004	0.07422854
0.005	0.0905629074
0.006	0.106109331958
0.007	0.1209131690525
0.008	0.13501707195121
0.009	0.148461153745579
0.01	0.161283139571172
0.011	0.173518509696725
0.012	0.185200634029747
0.013	0.19636089855364
0.014	0.207028824180442
0.015	0.217232178474236
0.016	0.226997080672956
0.017	0.236348100410681
0.018	0.245308350518362
0.019	0.253899574258258
0.02	0.262142227326051
0.021	0.270055554934543
0.022	0.277657664274046
0.023	0.284965592626822
0.024	0.29199537139634
0.025	0.298762086296415
0.026	0.305279933930647
0.027	0.311562274978705
0.028	0.317621684193041
0.029	0.323469997397386
0.03	0.329118355666911
0.031	0.33457724685913
0.032	0.339856544654495
0.033	0.344965545256068
0.034	0.349913001888738
0.035	0.354707157229968
0.036	0.359355773896179
0.037	0.363866163101416
0.038	0.36824521159795
0.039	0.372499407001865
0.04	0.376634861600548
0.041	0.380657334733121
0.042	0.384572253829454
0.043	0.388384734188204
0.044	0.392099597569544
0.045	0.395721389673677
0.046	0.399254396571979
0.047	0.402702660153595
0.048	0.406069992646556
0.049	0.409359990268916
0.05	0.412576046062124
0.051	0.415721361955646
0.052	0.418798960108984
0.053	0.421811693574415
0.054	0.4247622563212
0.055	0.427653192659566
0.056	0.430486906100454
0.057	0.433265667684883
0.058	0.435991623814742
0.059	0.438666803614901
0.06	0.441293125854759
0.061	0.443872405455658
0.062	0.446406359608981
0.063	0.448896613528299
0.064	0.451344705857499
0.065	0.453752093755537
0.066	0.456120157677199
0.067	0.458450205868091
0.068	0.460743478591014
0.069	0.463001152099812
0.07	0.465224342375839
0.071	0.467414108641285
0.072	0.469571456662723
0.073	0.471697341857477
0.074	0.4737926722146
0.075	0.47585831104161
0.076	0.4778950795474
0.077	0.47990375927116
0.078	0.481885094366529
0.079	0.483839793749659
0.08	0.48576853311935
0.081	0.487671956856912
0.082	0.489550679812974
0.083	0.491405288987998
0.084	0.493236345112881
0.085	0.495044384135631
0.086	0.49682991861972
0.087	0.498593439059441
0.088	0.50033541511721
0.089	0.5020562967875
0.09	0.503756515491799
0.091	0.505436485108725
0.092	0.50709660294317
0.093	0.50873725063814
0.094	0.510358795032695
0.095	0.511961588969249
0.096	0.513545972053224
0.097	0.51511227136794
0.098	0.516660802147393
0.099	0.518191868409464
0.1	0.519705763551902
0.101	0.521202770913323
0.102	0.522683164301314
0.103	0.524147208489597
0.104	0.52559515968612
0.105	0.527027265973792
0.106	0.528443767725516
0.107	0.529844897995035
0.108	0.531230882885052
0.109	0.53260194189397
0.11	0.533958288242534
0.111	0.535300129181562
0.112	0.536627666281912
0.113	0.537941095707729
0.114	0.539240608473969
0.115	0.540526390689148
0.116	0.54179862378418
0.117	0.543057484728146
0.118	0.544303146231765
0.119	0.545535776939293
0.12	0.546755541609555
0.121	0.547962601286735
0.122	0.549157113461546
0.123	0.550339232223349
0.124	0.551509108403749
0.125	0.552666889712187
0.126	0.553812720863992
0.127	0.554946743701343
0.128	0.556069097307561
0.129	0.557179918115123
0.13	0.558279340007772
0.131	0.559367494417065
0.132	0.560444510413704
0.133	0.561510514793928
0.134	0.562565632161288
0.135	0.563609985004056
0.136	0.564643693768533
0.137	0.565666876928495
0.138	0.566679651050999
0.139	0.56768213085877
0.14	0.568674429289366
0.141	0.569656657551306
0.142	0.570628925177336
0.143	0.571591340075013
0.144	0.572544008574746
0.145	0.573487035475453
0.146	0.574420524087966
0.147	0.575344576276317
0.148	0.576259292497032
0.149	0.57716477183653
0.15	0.578061112046765
0.151	0.578948409579182
0.152	0.579826759617102
0.153	0.580696256106619
0.154	0.5815569917861
0.155	0.582409058214354
0.156	0.583252545797558
0.157	0.58408754381501
0.158	0.584914140443761
0.159	0.58573242278221
0.16	0.586542476872702
0.161	0.58734438772319
0.162	0.588138239328021
0.163	0.588924114687879
0.164	0.58970209582895
0.165	0.590472263821334
0.166	0.591234698796753
0.167	0.591989479965601
0.168	0.59273668563335
0.169	0.593476393216378
0.17	0.594208679257215
0.171	0.594933619439262
0.172	0.595651288601012
0.173	0.596361760749776
0.174	0.597065109074966
0.175	0.597761405960943
0.176	0.598450722999456
0.177	0.599133131001697
0.178	0.599808700009982
0.179	0.600477499309085
0.18	0.601139597437245
0.181	0.601795062196849
0.182	0.602443960664818
0.183	0.603086359202711
0.184	0.603722323466552
0.185	0.604351918416403
0.186	0.604975208325685
0.187	0.605592256790267
0.188	0.606203126737333
0.189	0.60680788043403
0.19	0.607406579495916
0.191	0.607999284895209
0.192	0.608586056968855
0.193	0.609166955426408
0.194	0.609742039357751
0.195	0.610311367240644
0.196	0.61087499694812
0.197	0.611432985755728
0.198	0.611985390348635
0.199	0.612532266828585
0.2	0.613073670720729
0.201	0.613609656980326
0.202	0.614140279999319
0.203	0.614665593612794
0.204	0.615185651105326
0.205	0.615700505217214
0.206	0.616210208150606
0.207	0.61671481157553
0.208	0.617214366635819
0.209	0.617708923954943
0.21	0.618198533641746
0.211	0.6186832452961
0.212	0.619163108014465
0.213	0.619638170395366
0.214	0.620108480544796
0.215	0.620574086081528
0.216	0.621035034142362
0.217	0.621491371387289
0.218	0.621943144004585
0.219	0.622390397715838
0.22	0.622833177780901
0.221	0.62327152900278
0.222	0.623705495732459
0.223	0.624135121873659
0.224	0.624560450887535
0.225	0.624981525797316
0.226	0.625398389192879
0.227	0.625811083235275
0.228	0.626219649661187
0.229	0.626624129787345
0.23	0.627024564514874
0.231	0.627420994333604
0.232	0.627813459326314
0.233	0.628201999172934
0.234	0.628586653154695
0.235	0.628967460158229
0.236	0.629344458679623
0.237	0.629717686828424
0.238	0.630087182331602
0.239	0.63045298253746
0.24	0.630815124419509
0.241	0.631173644580292
0.242	0.631528579255168
0.243	0.631879964316055
0.244	0.632227835275127
0.245	0.632572227288474
0.246	0.632913175159722
0.247	0.633250713343609
0.248	0.633584875949528
0.249	0.633915696745027
0.25	0.634243209159271
0.251	0.634567446286471
0.252	0.634888440889272
0.253	0.635206225402104
0.254	0.635520831934505
0.255	0.635832292274397
0.256	0.636140637891335
0.257	0.636445899939723
0.258	0.636748109261989
0.259	0.637047296391733
0.26	0.637343491556837
0.261	0.637636724682549
0.262	0.637927025394527
0.263	0.638214423021857
0.264	0.638498946600038
0.265	0.638780624873932
0.266	0.639059486300694
0.267	0.639335559052658
0.268	0.639608871020204
0.269	0.639879449814591
0.27	0.640147322770758
0.271	0.640412516950105
0.272	0.640675059143235
0.273	0.640934975872676
0.274	0.64119229339557
0.275	0.641447037706338
0.276	0.641699234539315
0.277	0.641948909371359
0.278	0.642196087424437
0.279	0.642440793668177
0.28	0.6426830528224
0.281	0.642922889359627
0.282	0.643160327507554
0.283	0.643395391251511
0.284	0.643628104336886
0.285	0.643858490271534
0.286	0.644086572328154
0.287	0.644312373546649
0.288	0.644535916736451
0.289	0.64475722447884
0.29	0.644976319129219
0.291	0.645193222819385
0.292	0.645407957459761
0.293	0.64562054474162
0.294	0.645831006139272
0.295	0.646039362912244
0.296	0.646245636107425
0.297	0.646449846561195
0.298	0.646652014901537
0.299	0.646852161550118
0.3	0.647050306724358
0.301	0.64724647043947
0.302	0.647440672510491
0.303	0.647632932554276
0.304	0.64782326999149
0.305	0.648011704048566
0.306	0.648198253759652
0.307	0.648382937968533
0.308	0.648565775330537
0.309	0.648746784314419
0.31	0.648925983204231
0.311	0.649103390101168
0.312	0.649279022925396
0.313	0.649452899417868
0.314	0.649625037142111
0.315	0.649795453486007
0.316	0.649964165663545
0.317	0.650131190716564
0.318	0.650296545516473
0.319	0.650460246765958
0.32	0.65062231100067
0.321	0.650782754590892
0.322	0.650941593743198
0.323	0.651098844502089
0.324	0.651254522751611
0.325	0.651408644216965
0.326	0.651561224466094
0.327	0.651712278911253
0.328	0.651861822810572
0.329	0.652009871269591
0.33	0.652156439242793
0.331	0.652301541535109
0.332	0.652445192803417
0.333	0.652587407558023
0.334	0.652728200164124
0.335	0.652867584843263
0.336	0.653005575674764
0.337	0.653142186597154
0.338	0.653277431409571
0.339	0.653411323773162
0.34	0.653543877212455
0.341	0.653675105116734
0.342	0.653805020741385
0.343	0.653933637209241
0.344	0.654060967511903
0.345	0.654187024511052
0.346	0.654311820939754
0.347	0.65443536940374
0.348	0.654557682382684
0.349	0.654678772231459
0.35	0.65479865118139
0.351	0.654917331341487
0.352	0.655034824699668
0.353	0.655151143123972
0.354	0.655266298363755
0.355	0.655380302050878
0.356	0.655493165700885
0.357	0.655604900714161
0.358	0.655715518377086
0.359	0.655825029863179
0.36	0.655933446234219
0.361	0.656040778441368
0.362	0.656147037326276
0.363	0.656252233622176
0.364	0.656356377954967
0.365	0.65645948084429
0.366	0.656561552704586
0.367	0.656662603846156
0.368	0.656762644476193
0.369	0.656861684699819
0.37	0.656959734521106
0.371	0.657056803844083
0.372	0.657152902473739
0.373	0.657248040117013
0.374	0.657342226383773
0.375	0.65743547078779
0.376	0.657527782747695
0.377	0.657619171587934
0.378	0.657709646539708
0.379	0.657799216741905
0.38	0.657887891242025
0.381	0.657975678997091
0.382	0.658062588874557
0.383	0.658148629653202
0.384	0.658233810024017
0.385	0.658318138591083
0.386	0.658401623872441
0.387	0.658484274300948
0.388	0.658566098225137
0.389	0.658647103910052
0.39	0.658727299538087
0.391	0.658806693209814
0.392	0.658885292944798
0.393	0.658963106682407
0.394	0.659040142282616
0.395	0.659116407526801
0.396	0.659191910118523
0.397	0.659266657684309
0.398	0.659340657774419
0.399	0.659413917863611
0.4	0.659486445351894
0.401	0.65955824756528
0.402	0.659629331756517
0.403	0.659699705105828
0.404	0.659769374721634
0.405	0.65983834764127
0.406	0.659906630831699
0.407	0.659974231190212
0.408	0.660041155545131
0.409	0.660107410656491
0.41	0.660173003216729
0.411	0.660237939851357
0.412	0.66030222711963
0.413	0.660365871515214
0.414	0.660428879466834
0.415	0.660491257338933
0.416	0.660553011432304
0.417	0.660614147984736
0.418	0.660674673171638
0.419	0.660734593106667
0.42	0.66079391384234
0.421	0.660852641370652
0.422	0.660910781623677
0.423	0.660968340474168
0.424	0.66102532373615
0.425	0.66108173716551
0.426	0.661137586460572
0.427	0.66119287726268
0.428	0.661247615156765
0.429	0.661301805671906
0.43	0.661355454281893
0.431	0.661408566405778
0.432	0.661461147408422
0.433	0.661513202601037
0.434	0.661564737241724
0.435	0.661615756536002
0.436	0.661666265637336
0.437	0.661716269647655
0.438	0.661765773617869
0.439	0.66181478254838
0.44	0.661863301389584
0.441	0.661911335042375
0.442	0.661958888358637
0.443	0.662005966141735
0.444	0.662052573147001
0.445	0.662098714082213
0.446	0.662144393608072
0.447	0.662189616338672
0.448	0.662234386841965
0.449	0.662278709640224
0.45	0.6623225892105
0.451	0.662366029985072
0.452	0.662409036351898
0.453	0.662451612655056
0.454	0.662493763195181
0.455	0.662535492229904
0.456	0.662576803974279
0.457	0.662617702601211
0.458	0.662658192241872
0.459	0.662698276986127
0.46	0.662737960882938
0.461	0.662777247940782
0.462	0.662816142128046
0.463	0.662854647373437
0.464	0.662892767566374
0.465	0.662930506557382
0.466	0.662967868158479
0.467	0.663004856143565
0.468	0.6630414742488
0.469	0.663077726172982
0.47	0.663113615577922
0.471	0.663149146088813
0.472	0.663184321294594
0.473	0.663219144748318
0.474	0.663253619967504
0.475	0.663287750434498
0.476	0.663321539596822
0.477	0.663354990867522
0.478	0.663388107625516
0.479	0.663420893215929
0.48	0.663453350950438
0.481	0.663485484107602
0.482	0.663517295933195
0.483	0.663548789640531
0.484	0.663579968410793
0.485	0.663610835393353
0.486	0.663641393706088
0.487	0.663671646435695
0.488	0.663701596638006
0.489	0.663731247338293
0.49	0.663760601531578
0.491	0.66378966218293
0.492	0.663818432227768
0.493	0.663846914572158
0.494	0.663875112093104
0.495	0.66390302763884
0.496	0.663930664029119
0.497	0.663958024055495
0.498	0.663985110481607
0.499	0.664011926043458
0.5	0.664038473449691
0.501	0.664064755381861
0.502	0.66409077449471
0.503	0.66411653341643
0.504	0.664142034748933
0.505	0.66416728106811
0.506	0.664192274924096
0.507	0.664217018841522
0.508	0.664241515319774
0.509	0.664265766833243
0.51	0.664289775831578
0.511	0.664313544739929
0.512	0.664337075959197
0.513	0.664360371866271
0.514	0.664383434814276
0.515	0.6644062671328
0.516	0.664428871128139
0.517	0.664451249083524
0.518	0.664473403259356
0.519	0.664495335893429
0.52	0.664517049201161
0.521	0.664538545375817
0.522	0.664559826588725
0.523	0.664580894989505
0.524	0.664601752706277
0.525	0.664622401845881
0.526	0.664642844494089
0.527	0.664663082715815
0.528	0.664683118555323
0.529	0.664702954036437
0.53	0.664722591162739
0.531	0.664742031917779
0.532	0.664761278265268
0.533	0.664780332149282
0.534	0.664799195494455
0.535	0.664817870206178
0.536	0.664836358170783
0.537	0.664854661255741
0.538	0.664872781309851
0.539	0.664890720163419
0.54	0.664908479628451
0.541	0.664926061498834
0.542	0.664943467550512
0.543	0.664960699541674
0.544	0.664977759212924
0.545	0.664994648287461
0.546	0.665011368471253
0.547	0.665027921453207
0.548	0.665044308905342
0.549	0.665060532482955
0.55	0.665076593824792
0.551	0.665092494553211
0.552	0.665108236274346
0.553	0.665123820578269
0.554	0.665139249039153
0.555	0.665154523215428
0.556	0.66516964464994
0.557	0.665184614870108
0.558	0.665199435388073
0.559	0.665214107700859
0.56	0.665228633290517
0.561	0.665243013624279
0.562	0.665257250154703
0.563	0.665271344319823
0.564	0.665285297543291
0.565	0.665299111234525
0.566	0.665312786788846
0.567	0.665326325587624
0.568	0.665339728998415
0.569	0.665352998375097
0.57	0.665366135058013
0.571	0.6653791403741
0.572	0.665392015637025
0.573	0.665404762147322
0.574	0.665417381192515
0.575	0.665429874047257
0.576	0.665442241973451
0.577	0.665454486220383
0.578	0.665466608024846
0.579	0.665478608611264
0.58	0.665490489191818
0.581	0.665502250966566
0.582	0.665513895123567
0.583	0.665525422838999
0.584	0.665536835277275
0.585	0.665548133591169
0.586	0.665559318921924
0.587	0.665570392399371
0.588	0.665581355142044
0.589	0.665592208257291
0.59	0.665602952841384
0.591	0.665613589979637
0.592	0.665624120746508
0.593	0.665634546205709
0.594	0.665644867410319
0.595	0.665655085402882
0.596	0.66566520121552
0.597	0.665675215870031
0.598	0.665685130377998
0.599	0.665694945740884
0.6	0.665704662950142
0.601	0.665714282987308
0.602	0.665723806824101
0.603	0.665733235422527
0.604	0.665742569734968
0.605	0.665751810704285
0.606	0.665760959263909
0.607	0.665770016337937
0.608	0.665778982841224
0.609	0.665787859679478
0.61	0.66579664774935
0.611	0.665805347938523
0.612	0.665813961125805
0.613	0.665822488181213
0.614	0.665830929966068
0.615	0.665839287333074
0.616	0.66584756112641
0.617	0.665855752181812
0.618	0.665863861326661
0.619	0.665871889380061
0.62	0.665879837152927
0.621	0.665887705448064
0.622	0.66589549506025
0.623	0.665903206776314
0.624	0.665910841375218
0.625	0.665918399628133
0.626	0.665925882298518
0.627	0.665933290142199
0.628	0.665940623907444
0.629	0.665947884335036
0.63	0.665955072158353
0.631	0.665962188103436
0.632	0.665969232889068
0.633	0.665976207226844
0.634	0.665983111821242
0.635	0.665989947369697
0.636	0.665996714562666
0.637	0.666003414083706
0.638	0.666010046609536
0.639	0.666016612810107
0.64	0.666023113348673
0.641	0.666029548881853
0.642	0.666035920059701
0.643	0.666042227525771
0.644	0.66604847191718
0.645	0.666054653864674
0.646	0.666060773992694
0.647	0.666066832919434
0.648	0.666072831256906
0.649	0.666078769611004
0.65	0.666084648581561
0.651	0.666090468762412
0.652	0.666096230741454
0.653	0.666101935100706
0.654	0.666107582416366
0.655	0.666113173258869
0.656	0.666118708192947
0.657	0.666124187777684
0.658	0.666129612566574
0.659	0.666134983107575
0.66	0.666140299943166
0.661	0.666145563610401
0.662	0.666150774640963
0.663	0.66615593356122
0.664	0.666161040892275
0.665	0.666166097150019
0.666	0.666171102845185
0.667	0.6661760584834
0.668	0.666180964565233
0.669	0.666185821586247
0.67	0.666190630037051
0.671	0.666195390403348
0.672	0.666200103165981
0.673	0.666204768800987
0.674	0.666209387779644
0.675	0.666213960568514
0.676	0.666218487629496
0.677	0.666222969419868
0.678	0.666227406392336
0.679	0.666231798995079
0.68	0.666236147671795
0.681	0.666240452861744
0.682	0.666244714999793
0.683	0.666248934516462
0.684	0.666253111837964
0.685	0.666257247386251
0.686	0.666261341579055
0.687	0.666265394829931
0.688	0.666269407548298
0.689	0.666273380139482
0.69	0.666277313004754
0.691	0.666281206541373
0.692	0.666285061142626
0.693	0.666288877197866
0.694	0.666292655092554
0.695	0.666296395208296
0.696	0.666300097922879
0.697	0.666303763610317
0.698	0.666307392640881
0.699	0.666310985381138
0.7	0.666314542193994
0.701	0.666318063438721
0.702	0.666321549471
0.703	0.666325000642957
0.704	0.666328417303194
0.705	0.666331799796829
0.706	0.666335148465527
0.707	0.666338463647538
0.708	0.66634174567773
0.709	0.666344994887619
0.71	0.666348211605409
0.711	0.666351396156022
0.712	0.666354548861128
0.713	0.666357670039184
0.714	0.666360760005459
0.715	0.666363819072071
0.716	0.666366847548017
0.717	0.666369845739203
0.718	0.666372813948478
0.719	0.66637575247566
0.72	0.66637866161757
0.721	0.666381541668061
0.722	0.666384392918047
0.723	0.666387215655533
0.724	0.666390010165644
0.725	0.666392776730655
0.726	0.666395515630015
0.727	0.666398227140381
0.728	0.666400911535644
0.729	0.666403569086954
0.73	0.666406200062751
0.731	0.666408804728791
0.732	0.666411383348169
0.733	0.666413936181354
0.734	0.666416463486207
0.735	0.666418965518012
0.736	0.666421442529498
0.737	0.66642389477087
0.738	0.666426322489828
0.739	0.666428725931597
0.74	0.666431105338947
0.741	0.666433460952224
0.742	0.666435793009369
0.743	0.666438101745942
0.744	0.666440387395149
0.745	0.666442650187864
0.746	0.666444890352652
0.747	0.666447108115792
0.748	0.666449303701301
0.749	0.666451477330955
0.75	0.666453629224312
0.751	0.666455759598735
0.752	0.666457868669415
0.753	0.666459956649387
0.754	0.66646202374956
0.755	0.666464070178731
0.756	0.666466096143611
0.757	0.666468101848841
0.758	0.66647008749702
0.759	0.666472053288716
0.76	0.666473999422495
0.761	0.666475926094937
0.762	0.666477833500654
0.763	0.666479721832315
0.764	0.666481591280658
0.765	0.666483442034518
0.766	0.66648527428084
0.767	0.666487088204698
0.768	0.666488883989318
0.769	0.666490661816091
0.77	0.666492421864597
0.771	0.666494164312618
0.772	0.666495889336158
0.773	0.666497597109463
0.774	0.666499287805035
0.775	0.666500961593652
0.776	0.666502618644382
0.777	0.666504259124605
0.778	0.666505883200025
0.779	0.666507491034692
0.78	0.666509082791011
0.781	0.666510658629768
0.782	0.666512218710137
0.783	0.666513763189702
0.784	0.666515292224472
0.785	0.666516805968894
0.786	0.666518304575871
0.787	0.66651978819678
0.788	0.666521256981478
0.789	0.66652271107833
0.79	0.666524150634214
0.791	0.666525575794538
0.792	0.666526986703259
0.793	0.666528383502893
0.794	0.666529766334531
0.795	0.666531135337853
0.796	0.666532490651141
0.797	0.666533832411296
0.798	0.66653516075385
0.799	0.666536475812978
0.8	0.666537777721515
0.801	0.666539066610966
0.802	0.666540342611523
0.803	0.666541605852075
0.804	0.666542856460221
0.805	0.666544094562285
0.806	0.666545320283329
0.807	0.666546533747162
0.808	0.666547735076358
0.809	0.666548924392261
0.81	0.666550101815005
0.811	0.666551267463521
0.812	0.666552421455553
0.813	0.666553563907664
0.814	0.666554694935254
0.815	0.666555814652568
0.816	0.666556923172709
0.817	0.666558020607649
0.818	0.666559107068239
0.819	0.666560182664223
0.82	0.666561247504247
0.821	0.666562301695872
0.822	0.66656334534558
0.823	0.66656437855879
0.824	0.666565401439869
0.825	0.666566414092137
0.826	0.666567416617882
0.827	0.66656840911837
0.828	0.666569391693853
0.829	0.666570364443582
0.83	0.666571327465812
0.831	0.666572280857821
0.832	0.666573224715909
0.833	0.666574159135417
0.834	0.666575084210729
0.835	0.666576000035289
0.836	0.666576906701603
0.837	0.666577804301253
0.838	0.666578692924908
0.839	0.666579572662325
0.84	0.666580443602369
0.841	0.666581305833011
0.842	0.666582159441348
0.843	0.666583004513601
0.844	0.666583841135132
0.845	0.666584669390447
0.846	0.666585489363209
0.847	0.666586301136244
0.848	0.666587104791548
0.849	0.666587900410299
0.85	0.666588688072863
0.851	0.666589467858801
0.852	0.66659023984688
0.853	0.666591004115078
0.854	0.666591760740593
0.855	0.666592509799854
0.856	0.666593251368522
0.857	0.666593985521504
0.858	0.666594712332955
0.859	0.666595431876293
0.86	0.666596144224196
0.861	0.666596849448621
0.862	0.666597547620801
0.863	0.66659823881126
0.864	0.666598923089814
0.865	0.666599600525583
0.866	0.666600271186994
0.867	0.66660093514179
0.868	0.666601592457039
0.869	0.666602243199135
0.87	0.666602887433811
0.871	0.666603525226139
0.872	0.666604156640544
0.873	0.666604781740806
0.874	0.666605400590064
0.875	0.66660601325083
0.876	0.666606619784989
0.877	0.666607220253805
0.878	0.666607814717934
0.879	0.666608403237421
0.88	0.666608985871714
0.881	0.666609562679663
0.882	0.666610133719533
0.883	0.666610699049005
0.884	0.666611258725181
0.885	0.666611812804596
0.886	0.666612361343217
0.887	0.666612904396451
0.888	0.666613442019153
0.889	0.666613974265629
0.89	0.666614501189639
0.891	0.666615022844409
0.892	0.666615539282632
0.893	0.666616050556472
0.894	0.666616556717574
0.895	0.666617057817065
0.896	0.666617553905561
0.897	0.666618045033172
0.898	0.666618531249507
0.899	0.666619012603679
0.9	0.666619489144309
0.901	0.666619960919532
0.902	0.666620427977004
0.903	0.6666208903639
0.904	0.666621348126928
0.905	0.666621801312325
0.906	0.666622249965869
0.907	0.666622694132877
0.908	0.666623133858215
0.909	0.666623569186299
0.91	0.666624000161103
0.911	0.666624426826158
0.912	0.666624849224563
0.913	0.666625267398984
0.914	0.666625681391661
0.915	0.666626091244411
0.916	0.666626496998634
0.917	0.666626898695314
0.918	0.666627296375028
0.919	0.666627690077944
0.92	0.666628079843831
0.921	0.66662846571206
0.922	0.666628847721606
0.923	0.666629225911056
0.924	0.666629600318612
0.925	0.666629970982093
0.926	0.666630337938939
0.927	0.666630701226216
0.928	0.66663106088062
0.929	0.666631416938481
0.93	0.666631769435763
0.931	0.666632118408072
0.932	0.666632463890658
0.933	0.666632805918418
0.934	0.6666331445259
0.935	0.666633479747308
0.936	0.666633811616502
0.937	0.666634140167003
0.938	0.666634465432
0.939	0.666634787444347
0.94	0.66663510623657
0.941	0.666635421840871
0.942	0.666635734289129
0.943	0.666636043612904
0.944	0.666636349843442
0.945	0.666636653011674
0.946	0.666636953148224
0.947	0.666637250283408
0.948	0.666637544447241
0.949	0.666637835669435
0.95	0.666638123979407
0.951	0.66663840940628
0.952	0.666638691978884
0.953	0.666638971725762
0.954	0.666639248675171
0.955	0.666639522855086
0.956	0.666639794293202
0.957	0.666640063016936
0.958	0.666640329053433
0.959	0.666640592429566
0.96	0.666640853171937
0.961	0.666641111306884
0.962	0.666641366860482
0.963	0.666641619858544
0.964	0.666641870326625
0.965	0.666642118290026
0.966	0.666642363773792
0.967	0.666642606802721
0.968	0.66664284740136
0.969	0.666643085594013
0.97	0.66664332140474
0.971	0.666643554857359
0.972	0.666643785975452
0.973	0.666644014782364
0.974	0.666644241301207
0.975	0.666644465554862
0.976	0.66664468756598
0.977	0.666644907356987
0.978	0.666645124950084
0.979	0.66664534036725
0.98	0.666645553630244
0.981	0.666645764760608
0.982	0.666645973779668
0.983	0.666646180708538
0.984	0.66664638556812
0.985	0.666646588379105
0.986	0.666646789161981
0.987	0.666646987937028
0.988	0.666647184724324
0.989	0.666647379543748
0.99	0.666647572414977
0.991	0.666647763357494
0.992	0.666647952390585
0.993	0.666648139533346
0.994	0.666648324804679
0.995	0.666648508223299
0.996	0.666648689807733
0.997	0.666648869576322
0.998	0.666649047547226
0.999	0.66664922373842
1	0.666649398167703
1.001	0.666649570852692
1.002	0.666649741810832
1.003	0.66664991105939
1.004	0.666650078615463
1.005	0.666650244495975
1.006	0.666650408717682
1.007	0.666650571297172
1.008	0.666650732250867
1.009	0.666650891595025
1.01	0.666651049345741
1.011	0.66665120551895
1.012	0.666651360130428
1.013	0.66665151319579
1.014	0.666651664730499
1.015	0.66665181474986
1.016	0.666651963269028
1.017	0.666652110303005
1.018	0.666652255866642
1.019	0.666652399974642
1.02	0.666652542641562
1.021	0.666652683881813
1.022	0.666652823709662
1.023	0.666652962139231
1.024	0.666653099184506
1.025	0.666653234859327
1.026	0.666653369177401
1.027	0.666653502152294
1.028	0.666653633797437
1.029	0.66665376412613
1.03	0.666653893151535
1.031	0.666654020886686
1.032	0.666654147344486
1.033	0.666654272537708
1.034	0.666654396478997
1.035	0.666654519180874
1.036	0.666654640655732
1.037	0.666654760915841
1.038	0.66665487997335
1.039	0.666654997840283
1.04	0.666655114528547
1.041	0.666655230049928
1.042	0.666655344416095
1.043	0.666655457638601
1.044	0.666655569728882
1.045	0.666655680698259
1.046	0.666655790557943
1.047	0.666655899319031
1.048	0.666656006992507
1.049	0.666656113589249
1.05	0.666656219120023
1.051	0.666656323595489
1.052	0.666656427026201
1.053	0.666656529422606
1.054	0.666656630795046
1.055	0.666656731153763
1.056	0.666656830508892
1.057	0.66665692887047
1.058	0.666657026248431
1.059	0.666657122652614
1.06	0.666657218092754
1.061	0.666657312578493
1.062	0.666657406119375
1.063	0.666657498724848
1.064	0.666657590404266
1.065	0.66665768116689
1.066	0.666657771021888
1.067	0.666657859978336
1.068	0.666657948045219
1.069	0.666658035231433
1.07	0.666658121545786
1.071	0.666658206996995
1.072	0.666658291593691
1.073	0.666658375344421
1.074	0.666658458257644
1.075	0.666658540341734
1.076	0.666658621604983
1.077	0.6666587020556
1.078	0.666658781701711
1.079	0.66665886055136
1.08	0.666658938612513
1.081	0.666659015893055
1.082	0.666659092400791
1.083	0.66665916814345
1.084	0.666659243128682
1.085	0.666659317364062
1.086	0.666659390857088
1.087	0.666659463615183
1.088	0.666659535645698
1.089	0.666659606955908
1.09	0.666659677553016
1.091	0.666659747444152
1.092	0.666659816636377
1.093	0.66665988513668
1.094	0.66665995295198
1.095	0.666660020089127
1.096	0.666660086554902
1.097	0.66666015235602
1.098	0.666660217499126
1.099	0.666660281990802
1.1	0.66666034583756
1.101	0.666660409045851
1.102	0.66666047162206
1.103	0.666660533572506
1.104	0.666660594903447
1.105	0.666660655621079
1.106	0.666660715731535
1.107	0.666660775240887
1.108	0.666660834155145
1.109	0.66666089248026
1.11	0.666660950222124
1.111	0.666661007386569
1.112	0.66666106397937
1.113	0.666661120006243
1.114	0.666661175472848
1.115	0.666661230384786
1.116	0.666661284747605
1.117	0.666661338566795
1.118	0.666661391847794
1.119	0.666661444595983
1.12	0.666661496816689
1.121	0.666661548515189
1.122	0.666661599696704
1.123	0.666661650366403
1.124	0.666661700529406
1.125	0.666661750190779
1.126	0.666661799355538
1.127	0.666661848028649
1.128	0.666661896215029
1.129	0.666661943919545
1.13	0.666661991147017
1.131	0.666662037902213
1.132	0.666662084189858
1.133	0.666662130014626
1.134	0.666662175381146
1.135	0.666662220294001
1.136	0.666662264757728
1.137	0.666662308776817
1.138	0.666662352355716
1.139	0.666662395498825
1.14	0.666662438210504
1.141	0.666662480495065
1.142	0.666662522356782
1.143	0.66666256379988
1.144	0.666662604828548
1.145	0.666662645446929
1.146	0.666662685659127
1.147	0.666662725469202
1.148	0.666662764881177
1.149	0.666662803899032
1.15	0.666662842526708
1.151	0.666662880768108
1.152	0.666662918627093
1.153	0.666662956107489
1.154	0.666662993213081
1.155	0.666663029947617
1.156	0.666663066314807
1.157	0.666663102318326
1.158	0.666663137961809
1.159	0.666663173248858
1.16	0.666663208183036
1.161	0.666663242767872
1.162	0.66666327700686
1.163	0.666663310903458
1.164	0.66666334446109
1.165	0.666663377683146
1.166	0.666663410572981
1.167	0.666663443133918
1.168	0.666663475369245
1.169	0.66666350728222
1.17	0.666663538876064
1.171	0.66666357015397
1.172	0.666663601119097
1.173	0.666663631774573
1.174	0.666663662123494
1.175	0.666663692168926
1.176	0.666663721913903
1.177	0.666663751361431
1.178	0.666663780514483
1.179	0.666663809376005
1.18	0.666663837948911
1.181	0.666663866236089
1.182	0.666663894240395
1.183	0.666663921964657
1.184	0.666663949411677
1.185	0.666663976584227
1.186	0.666664003485052
1.187	0.666664030116868
1.188	0.666664056482366
1.189	0.666664082584209
1.19	0.666664108425034
1.191	0.66666413400745
1.192	0.666664159334042
1.193	0.666664184407368
1.194	0.666664209229961
1.195	0.666664233804328
1.196	0.666664258132952
1.197	0.666664282218289
1.198	0.666664306062773
1.199	0.666664329668812
1.2	0.66666435303879
1.201	0.666664376175069
1.202	0.666664399079985
1.203	0.666664421755852
1.204	0.66666444420496
1.205	0.666664466429577
1.206	0.666664488431948
1.207	0.666664510214295
1.208	0.666664531778819
1.209	0.666664553127697
1.21	0.666664574263087
1.211	0.666664595187123
1.212	0.666664615901918
1.213	0.666664636409566
1.214	0.666664656712137
1.215	0.666664676811682
1.216	0.666664696710232
1.217	0.666664716409796
1.218	0.666664735912365
1.219	0.666664755219908
1.22	0.666664774334376
1.221	0.666664793257698
1.222	0.666664811991788
1.223	0.666664830538537
1.224	0.666664848899818
1.225	0.666664867077487
1.226	0.666664885073378
1.227	0.666664902889311
1.228	0.666664920527085
1.229	0.666664937988481
1.23	0.666664955275263
1.231	0.666664972389177
1.232	0.666664989331951
1.233	0.666665006105299
1.234	0.666665022710912
1.235	0.66666503915047
1.236	0.666665055425632
1.237	0.666665071538042
1.238	0.666665087489328
1.239	0.666665103281102
1.24	0.666665118914957
1.241	0.666665134392474
1.242	0.666665149715217
1.243	0.666665164884731
1.244	0.66666517990255
1.245	0.666665194770191
1.246	0.666665209489156
1.247	0.666665224060931
1.248	0.666665238486989
1.249	0.666665252768786
1.25	0.666665266907764
1.251	0.666665280905353
1.252	0.666665294762967
1.253	0.666665308482004
1.254	0.66666532206385
1.255	0.666665335509878
1.256	0.666665348821446
1.257	0.666665361999899
1.258	0.666665375046566
1.259	0.666665387962767
1.26	0.666665400749806
1.261	0.666665413408975
1.262	0.666665425941552
1.263	0.666665438348803
1.264	0.666665450631982
1.265	0.666665462792328
1.266	0.666665474831072
1.267	0.666665486749428
1.268	0.6666654985486
1.269	0.666665510229781
1.27	0.66666552179415
1.271	0.666665533242875
1.272	0.666665544577113
1.273	0.666665555798008
1.274	0.666665566906695
1.275	0.666665577904295
1.276	0.666665588791918
1.277	0.666665599570666
1.278	0.666665610241626
1.279	0.666665620805876
1.28	0.666665631264484
1.281	0.666665641618506
1.282	0.666665651868988
1.283	0.666665662016964
1.284	0.666665672063462
1.285	0.666665682009494
1.286	0.666665691856065
1.287	0.666665701604171
1.288	0.666665711254796
1.289	0.666665720808915
1.29	0.666665730267492
1.291	0.666665739631484
1.292	0.666665748901836
1.293	0.666665758079484
1.294	0.666665767165356
1.295	0.666665776160369
1.296	0.666665785065432
1.297	0.666665793881445
1.298	0.666665802609297
1.299	0.666665811249871
1.3	0.666665819804039
1.301	0.666665828272665
1.302	0.666665836656605
1.303	0.666665844956706
1.304	0.666665853173805
1.305	0.666665861308734
1.306	0.666665869362313
1.307	0.666665877335357
1.308	0.66666588522867
1.309	0.66666589304305
1.31	0.666665900779286
1.311	0.66666590843816
1.312	0.666665916020445
1.313	0.666665923526907
1.314	0.666665930958305
1.315	0.666665938315388
1.316	0.666665945598901
1.317	0.666665952809579
1.318	0.66666595994815
1.319	0.666665967015335
1.32	0.666665974011848
1.321	0.666665980938396
1.322	0.666665987795679
1.323	0.666665994584389
1.324	0.666666001305212
1.325	0.666666007958826
1.326	0.666666014545905
1.327	0.666666021067112
1.328	0.666666027523108
1.329	0.666666033914543
1.33	0.666666040242064
1.331	0.66666604650631
1.332	0.666666052707914
1.333	0.666666058847502
1.334	0.666666064925693
1.335	0.666666070943103
1.336	0.666666076900339
1.337	0.666666082798002
1.338	0.666666088636689
1.339	0.666666094416988
1.34	0.666666100139485
1.341	0.666666105804757
1.342	0.666666111413376
1.343	0.666666116965909
1.344	0.666666122462917
1.345	0.666666127904954
1.346	0.666666133292571
1.347	0.666666138626312
1.348	0.666666143906716
1.349	0.666666149134315
1.35	0.666666154309639
1.351	0.666666159433209
1.352	0.666666164505544
1.353	0.666666169527155
1.354	0.66666617449855
1.355	0.666666179420231
1.356	0.666666184292696
1.357	0.666666189116435
1.358	0.666666193891938
1.359	0.666666198619685
1.36	0.666666203300155
1.361	0.66666620793382
1.362	0.666666212521148
1.363	0.666666217062604
1.364	0.666666221558644
1.365	0.666666226009724
1.366	0.666666230416294
1.367	0.666666234778798
1.368	0.666666239097676
1.369	0.666666243373366
1.37	0.666666247606299
1.371	0.666666251796903
1.372	0.666666255945601
1.373	0.666666260052811
1.374	0.66666626411895
1.375	0.666666268144427
1.376	0.666666272129649
1.377	0.66666627607502
1.378	0.666666279980936
1.379	0.666666283847793
1.38	0.666666287675982
1.381	0.666666291465889
1.382	0.666666295217897
1.383	0.666666298932384
1.384	0.666666302609727
1.385	0.666666306250297
1.386	0.66666630985446
1.387	0.666666313422582
1.388	0.666666316955023
1.389	0.66666632045214
1.39	0.666666323914285
1.391	0.666666327341809
1.392	0.666666330735057
1.393	0.666666334094373
1.394	0.666666337420096
1.395	0.666666340712562
1.396	0.666666343972103
1.397	0.666666347199049
1.398	0.666666350393725
1.399	0.666666353556454
1.4	0.666666356687556
1.401	0.666666359787347
1.402	0.666666362856141
1.403	0.666666365894246
1.404	0.66666636890197
1.405	0.666666371879617
1.406	0.666666374827488
1.407	0.666666377745879
1.408	0.666666380635087
1.409	0.666666383495403
1.41	0.666666386327116
1.411	0.666666389130511
1.412	0.666666391905873
1.413	0.666666394653481
1.414	0.666666397373613
1.415	0.666666400066543
1.416	0.666666402732544
1.417	0.666666405371886
1.418	0.666666407984833
1.419	0.666666410571652
1.42	0.666666413132602
1.421	0.666666415667943
1.422	0.66666641817793
1.423	0.666666420662817
1.424	0.666666423122856
1.425	0.666666425558294
1.426	0.666666427969378
1.427	0.66666643035635
1.428	0.666666432719453
1.429	0.666666435058926
1.43	0.666666437375003
1.431	0.66666643966792
1.432	0.666666441937907
1.433	0.666666444185195
1.434	0.666666446410009
1.435	0.666666448612576
1.436	0.666666450793117
1.437	0.666666452951852
1.438	0.666666455089001
1.439	0.666666457204777
1.44	0.666666459299396
1.441	0.666666461373069
1.442	0.666666463426005
1.443	0.666666465458411
1.444	0.666666467470494
1.445	0.666666469462456
1.446	0.666666471434498
1.447	0.666666473386819
1.448	0.666666475319618
1.449	0.666666477233088
1.45	0.666666479127424
1.451	0.666666481002817
1.452	0.666666482859455
1.453	0.666666484697527
1.454	0.666666486517219
1.455	0.666666488318713
1.456	0.666666490102193
1.457	0.666666491867837
1.458	0.666666493615826
1.459	0.666666495346334
1.46	0.666666497059537
1.461	0.666666498755609
1.462	0.666666500434719
1.463	0.666666502097039
1.464	0.666666503742735
1.465	0.666666505371974
1.466	0.666666506984921
1.467	0.666666508581739
1.468	0.666666510162588
1.469	0.666666511727629
1.47	0.666666513277019
1.471	0.666666514810916
1.472	0.666666516329473
1.473	0.666666517832845
1.474	0.666666519321183
1.475	0.666666520794638
1.476	0.666666522253358
1.477	0.666666523697491
1.478	0.666666525127183
1.479	0.666666526542578
1.48	0.666666527943819
1.481	0.666666529331048
1.482	0.666666530704404
1.483	0.666666532064026
1.484	0.666666533410053
1.485	0.666666534742619
1.486	0.666666536061859
1.487	0.666666537367907
1.488	0.666666538660895
1.489	0.666666539940953
1.49	0.66666654120821
1.491	0.666666542462794
1.492	0.666666543704833
1.493	0.666666544934452
1.494	0.666666546151774
1.495	0.666666547356922
1.496	0.66666654855002
1.497	0.666666549731186
1.498	0.666666550900541
1.499	0.666666552058202
1.5	0.666666553204287
1.501	0.666666554338911
1.502	0.666666555462188
1.503	0.666666556574233
1.504	0.666666557675158
1.505	0.666666558765073
1.506	0.666666559844089
1.507	0.666666560912314
1.508	0.666666561969858
1.509	0.666666563016826
1.51	0.666666564053324
1.511	0.666666565079458
1.512	0.66666656609533
1.513	0.666666567101043
1.514	0.666666568096699
1.515	0.666666569082399
1.516	0.666666570058242
1.517	0.666666571024326
1.518	0.666666571980749
1.519	0.666666572927609
1.52	0.666666573864999
1.521	0.666666574793016
1.522	0.666666575711752
1.523	0.666666576621302
1.524	0.666666577521755
1.525	0.666666578413204
1.526	0.666666579295739
1.527	0.666666580169448
1.528	0.66666658103442
1.529	0.666666581890743
1.53	0.666666582738502
1.531	0.666666583577784
1.532	0.666666584408673
1.533	0.666666585231253
1.534	0.666666586045607
1.535	0.666666586851817
1.536	0.666666587649966
1.537	0.666666588440133
1.538	0.666666589222398
1.539	0.666666589996841
1.54	0.666666590763539
1.541	0.66666659152257
1.542	0.666666592274011
1.543	0.666666593017938
1.544	0.666666593754425
1.545	0.666666594483548
1.546	0.666666595205379
1.547	0.666666595919992
1.548	0.666666596627458
1.549	0.66666659732785
1.55	0.666666598021239
1.551	0.666666598707693
1.552	0.666666599387283
1.553	0.666666600060077
1.554	0.666666600726142
1.555	0.666666601385548
1.556	0.666666602038359
1.557	0.666666602684642
1.558	0.666666603324462
1.559	0.666666603957884
1.56	0.666666604584972
1.561	0.666666605205789
1.562	0.666666605820398
1.563	0.66666660642886
1.564	0.666666607031238
1.565	0.666666607627593
1.566	0.666666608217983
1.567	0.66666660880247
1.568	0.666666609381112
1.569	0.666666609953968
1.57	0.666666610521095
1.571	0.666666611082551
1.572	0.666666611638392
1.573	0.666666612188675
1.574	0.666666612733454
1.575	0.666666613272787
1.576	0.666666613806725
1.577	0.666666614335325
1.578	0.666666614858638
1.579	0.666666615376718
1.58	0.666666615889618
1.581	0.666666616397388
1.582	0.666666616900081
1.583	0.666666617397747
1.584	0.666666617890436
1.585	0.666666618378199
1.586	0.666666618861083
1.587	0.666666619339139
1.588	0.666666619812414
1.589	0.666666620280957
1.59	0.666666620744814
1.591	0.666666621204033
1.592	0.666666621658659
1.593	0.666666622108739
1.594	0.666666622554318
1.595	0.666666622995442
1.596	0.666666623432154
1.597	0.666666623864499
1.598	0.666666624292521
1.599	0.666666624716262
1.6	0.666666625135766
1.601	0.666666625551075
1.602	0.666666625962231
1.603	0.666666626369276
1.604	0.666666626772249
1.605	0.666666627171194
1.606	0.666666627566148
1.607	0.666666627957154
1.608	0.666666628344249
1.609	0.666666628727473
1.61	0.666666629106865
1.611	0.666666629482463
1.612	0.666666629854305
1.613	0.666666630222429
1.614	0.666666630586871
1.615	0.666666630947669
1.616	0.666666631304859
1.617	0.666666631658477
1.618	0.666666632008559
1.619	0.66666663235514
1.62	0.666666632698255
1.621	0.666666633037939
1.622	0.666666633374227
1.623	0.666666633707151
1.624	0.666666634036746
1.625	0.666666634363045
1.626	0.666666634686082
1.627	0.666666635005887
1.628	0.666666635322495
1.629	0.666666635635937
1.63	0.666666635946244
1.631	0.666666636253448
1.632	0.666666636557581
1.633	0.666666636858671
1.634	0.666666637156751
1.635	0.666666637451851
1.636	0.666666637743999
1.637	0.666666638033225
1.638	0.66666663831956
1.639	0.666666638603031
1.64	0.666666638883667
1.641	0.666666639161497
1.642	0.666666639436549
1.643	0.66666663970885
1.644	0.666666639978428
1.645	0.666666640245311
1.646	0.666666640509524
1.647	0.666666640771096
1.648	0.666666641030051
1.649	0.666666641286418
1.65	0.66666664154022
1.651	0.666666641791485
1.652	0.666666642040236
1.653	0.6666666422865
1.654	0.666666642530302
1.655	0.666666642771666
1.656	0.666666643010616
1.657	0.666666643247176
1.658	0.666666643481371
1.659	0.666666643713224
1.66	0.666666643942759
1.661	0.666666644169998
1.662	0.666666644394964
1.663	0.666666644617681
1.664	0.666666644838171
1.665	0.666666645056456
1.666	0.666666645272558
1.667	0.666666645486499
1.668	0.666666645698301
1.669	0.666666645907985
1.67	0.666666646115572
1.671	0.666666646321082
1.672	0.666666646524538
1.673	0.66666664672596
1.674	0.666666646925367
1.675	0.66666664712278
1.676	0.666666647318219
1.677	0.666666647511703
1.678	0.666666647703253
1.679	0.666666647892887
1.68	0.666666648080625
1.681	0.666666648266485
1.682	0.666666648450487
1.683	0.666666648632649
1.684	0.666666648812989
1.685	0.666666648991526
1.686	0.666666649168277
1.687	0.666666649343261
1.688	0.666666649516495
1.689	0.666666649687997
1.69	0.666666649857783
1.691	0.666666650025872
1.692	0.66666665019228
1.693	0.666666650357024
1.694	0.666666650520121
1.695	0.666666650681586
1.696	0.666666650841437
1.697	0.666666650999689
1.698	0.666666651156359
1.699	0.666666651311462
1.7	0.666666651465014
1.701	0.666666651617031
1.702	0.666666651767527
1.703	0.666666651916518
1.704	0.66666665206402
1.705	0.666666652210046
1.706	0.666666652354612
1.707	0.666666652497733
1.708	0.666666652639422
1.709	0.666666652779695
1.71	0.666666652918564
1.711	0.666666653056045
1.712	0.666666653192152
1.713	0.666666653326897
1.714	0.666666653460294
1.715	0.666666653592358
1.716	0.666666653723101
1.717	0.666666653852537
1.718	0.666666653980678
1.719	0.666666654107538
1.72	0.666666654233129
1.721	0.666666654357465
1.722	0.666666654480557
1.723	0.666666654602418
1.724	0.66666665472306
1.725	0.666666654842496
1.726	0.666666654960738
1.727	0.666666655077797
1.728	0.666666655193686
1.729	0.666666655308416
1.73	0.666666655421998
1.731	0.666666655534445
1.732	0.666666655645767
1.733	0.666666655755976
1.734	0.666666655865083
1.735	0.666666655973099
1.736	0.666666656080035
1.737	0.666666656185901
1.738	0.666666656290709
1.739	0.666666656394468
1.74	0.66666665649719
1.741	0.666666656598885
1.742	0.666666656699563
1.743	0.666666656799234
1.744	0.666666656897908
1.745	0.666666656995596
1.746	0.666666657092307
1.747	0.66666665718805
1.748	0.666666657282836
1.749	0.666666657376675
1.75	0.666666657469575
1.751	0.666666657561545
1.752	0.666666657652597
1.753	0.666666657742737
1.754	0.666666657831977
1.755	0.666666657920323
1.756	0.666666658007787
1.757	0.666666658094376
1.758	0.666666658180099
1.759	0.666666658264964
1.76	0.666666658348981
1.761	0.666666658432158
1.762	0.666666658514503
1.763	0.666666658596025
1.764	0.666666658676731
1.765	0.666666658756631
1.766	0.666666658835731
1.767	0.66666665891404
1.768	0.666666658991567
1.769	0.666666659068318
1.77	0.666666659144301
1.771	0.666666659219525
1.772	0.666666659293996
1.773	0.666666659367723
1.774	0.666666659440712
1.775	0.666666659512972
1.776	0.666666659584509
1.777	0.66666665965533
1.778	0.666666659725444
1.779	0.666666659794856
1.78	0.666666659863574
1.781	0.666666659931605
1.782	0.666666659998956
1.783	0.666666660065633
1.784	0.666666660131643
1.785	0.666666660196993
1.786	0.66666666026169
1.787	0.66666666032574
1.788	0.666666660389149
1.789	0.666666660451924
1.79	0.666666660514072
1.791	0.666666660575598
1.792	0.666666660636508
1.793	0.66666666069681
1.794	0.666666660756509
1.795	0.66666666081561
1.796	0.666666660874121
1.797	0.666666660932046
1.798	0.666666660989392
1.799	0.666666661046165
1.8	0.66666666110237
1.801	0.666666661158013
1.802	0.6666666612131
1.803	0.666666661267635
1.804	0.666666661321626
1.805	0.666666661375076
1.806	0.666666661427992
1.807	0.666666661480379
1.808	0.666666661532242
1.809	0.666666661583586
1.81	0.666666661634417
1.811	0.666666661684739
1.812	0.666666661734558
1.813	0.666666661783879
1.814	0.666666661832707
1.815	0.666666661881047
1.816	0.666666661928903
1.817	0.666666661976281
1.818	0.666666662023185
1.819	0.66666666206962
1.82	0.66666666211559
1.821	0.666666662161101
1.822	0.666666662206156
1.823	0.666666662250762
1.824	0.666666662294921
1.825	0.666666662338638
1.826	0.666666662381918
1.827	0.666666662424766
1.828	0.666666662467185
1.829	0.66666666250918
1.83	0.666666662550754
1.831	0.666666662591914
1.832	0.666666662632661
1.833	0.666666662673001
1.834	0.666666662712938
1.835	0.666666662752475
1.836	0.666666662791617
1.837	0.666666662830368
1.838	0.66666666286873
1.839	0.66666666290671
1.84	0.666666662944309
1.841	0.666666662981533
1.842	0.666666663018384
1.843	0.666666663054867
1.844	0.666666663090985
1.845	0.666666663126742
1.846	0.666666663162141
1.847	0.666666663197186
1.848	0.666666663231881
1.849	0.666666663266229
1.85	0.666666663300233
1.851	0.666666663333898
1.852	0.666666663367226
1.853	0.66666666340022
1.854	0.666666663432884
1.855	0.666666663465222
1.856	0.666666663497237
1.857	0.666666663528931
1.858	0.666666663560308
1.859	0.666666663591372
1.86	0.666666663622125
1.861	0.66666666365257
1.862	0.666666663682711
1.863	0.666666663712551
1.864	0.666666663742092
1.865	0.666666663771338
1.866	0.666666663800291
1.867	0.666666663828955
1.868	0.666666663857332
1.869	0.666666663885425
1.87	0.666666663913238
1.871	0.666666663940772
1.872	0.666666663968031
1.873	0.666666663995017
1.874	0.666666664021734
1.875	0.666666664048183
1.876	0.666666664074368
1.877	0.666666664100291
1.878	0.666666664125955
1.879	0.666666664151362
1.88	0.666666664176515
1.881	0.666666664201417
1.882	0.666666664226069
1.883	0.666666664250475
1.884	0.666666664274637
1.885	0.666666664298557
1.886	0.666666664322238
1.887	0.666666664345683
1.888	0.666666664368892
1.889	0.66666666439187
1.89	0.666666664414618
1.891	0.666666664437139
1.892	0.666666664459434
1.893	0.666666664481506
1.894	0.666666664503358
1.895	0.666666664524991
1.896	0.666666664546408
1.897	0.66666666456761
1.898	0.666666664588601
1.899	0.666666664609381
1.9	0.666666664629954
1.901	0.666666664650321
1.902	0.666666664670485
1.903	0.666666664690447
1.904	0.666666664710209
1.905	0.666666664729773
1.906	0.666666664749142
1.907	0.666666664768317
1.908	0.666666664787301
1.909	0.666666664806095
1.91	0.6666666648247
1.911	0.66666666484312
1.912	0.666666664861356
1.913	0.666666664879409
1.914	0.666666664897281
1.915	0.666666664914975
1.916	0.666666664932492
1.917	0.666666664949834
1.918	0.666666664967002
1.919	0.666666664983999
1.92	0.666666665000825
1.921	0.666666665017484
1.922	0.666666665033976
1.923	0.666666665050302
1.924	0.666666665066466
1.925	0.666666665082468
1.926	0.66666666509831
1.927	0.666666665113993
1.928	0.66666666512952
1.929	0.666666665144892
1.93	0.66666666516011
1.931	0.666666665175175
1.932	0.66666666519009
1.933	0.666666665204856
1.934	0.666666665219474
1.935	0.666666665233946
1.936	0.666666665248273
1.937	0.666666665262457
1.938	0.666666665276499
1.939	0.666666665290401
1.94	0.666666665304163
1.941	0.666666665317788
1.942	0.666666665331277
1.943	0.666666665344631
1.944	0.666666665357852
1.945	0.66666666537094
1.946	0.666666665383897
1.947	0.666666665396724
1.948	0.666666665409424
1.949	0.666666665421996
1.95	0.666666665434443
1.951	0.666666665446765
1.952	0.666666665458964
1.953	0.666666665471041
1.954	0.666666665482998
1.955	0.666666665494834
1.956	0.666666665506553
1.957	0.666666665518154
1.958	0.666666665529639
1.959	0.666666665541009
1.96	0.666666665552266
1.961	0.66666666556341
1.962	0.666666665574442
1.963	0.666666665585365
1.964	0.666666665596178
1.965	0.666666665606883
1.966	0.666666665617481
1.967	0.666666665627972
1.968	0.666666665638359
1.969	0.666666665648642
1.97	0.666666665658823
1.971	0.666666665668901
1.972	0.666666665678879
1.973	0.666666665688756
1.974	0.666666665698536
1.975	0.666666665708217
1.976	0.666666665717801
1.977	0.66666666572729
1.978	0.666666665736684
1.979	0.666666665745984
1.98	0.666666665755191
1.981	0.666666665764305
1.982	0.666666665773329
1.983	0.666666665782262
1.984	0.666666665791106
1.985	0.666666665799862
1.986	0.66666666580853
1.987	0.666666665817111
1.988	0.666666665825607
1.989	0.666666665834017
1.99	0.666666665842344
1.991	0.666666665850587
1.992	0.666666665858748
1.993	0.666666665866827
1.994	0.666666665874826
1.995	0.666666665882744
1.996	0.666666665890583
1.997	0.666666665898344
1.998	0.666666665906027
1.999	0.666666665913634
2	0.666666665921164
2.001	0.666666665928619
2.002	0.666666665936
2.003	0.666666665943306
2.004	0.66666666595054
2.005	0.666666665957701
2.006	0.666666665964791
2.007	0.66666666597181
2.008	0.666666665978758
2.009	0.666666665985637
2.01	0.666666665992447
2.011	0.66666666599919
2.012	0.666666666005865
2.013	0.666666666012473
2.014	0.666666666019015
2.015	0.666666666025491
2.016	0.666666666031903
2.017	0.66666666603825
2.018	0.666666666044535
2.019	0.666666666050756
2.02	0.666666666056915
2.021	0.666666666063012
2.022	0.666666666069049
2.023	0.666666666075025
2.024	0.666666666080942
2.025	0.666666666086799
2.026	0.666666666092598
2.027	0.666666666098338
2.028	0.666666666104022
2.029	0.666666666109648
2.03	0.666666666115218
2.031	0.666666666120733
2.032	0.666666666126192
2.033	0.666666666131597
2.034	0.666666666136948
2.035	0.666666666142245
2.036	0.666666666147489
2.037	0.666666666152681
2.038	0.666666666157821
2.039	0.666666666162909
2.04	0.666666666167947
2.041	0.666666666172934
2.042	0.666666666177871
2.043	0.666666666182759
2.044	0.666666666187598
2.045	0.666666666192389
2.046	0.666666666197132
2.047	0.666666666201827
2.048	0.666666666206475
2.049	0.666666666211077
2.05	0.666666666215633
2.051	0.666666666220143
2.052	0.666666666224609
2.053	0.666666666229029
2.054	0.666666666233406
2.055	0.666666666237738
2.056	0.666666666242028
2.057	0.666666666246274
2.058	0.666666666250478
2.059	0.66666666625464
2.06	0.66666666625876
2.061	0.666666666262839
2.062	0.666666666266877
2.063	0.666666666270875
2.064	0.666666666274833
2.065	0.666666666278751
2.066	0.666666666282631
2.067	0.666666666286471
2.068	0.666666666290273
2.069	0.666666666294037
2.07	0.666666666297763
2.071	0.666666666301452
2.072	0.666666666305104
2.073	0.66666666630872
2.074	0.666666666312299
2.075	0.666666666315843
2.076	0.666666666319351
2.077	0.666666666322825
2.078	0.666666666326263
2.079	0.666666666329667
2.08	0.666666666333037
2.081	0.666666666336373
2.082	0.666666666339676
2.083	0.666666666342946
2.084	0.666666666346183
2.085	0.666666666349388
2.086	0.666666666352561
2.087	0.666666666355702
2.088	0.666666666358811
2.089	0.66666666636189
2.09	0.666666666364938
2.091	0.666666666367955
2.092	0.666666666370942
2.093	0.6666666663739
2.094	0.666666666376827
2.095	0.666666666379725
2.096	0.666666666382595
2.097	0.666666666385436
2.098	0.666666666388248
2.099	0.666666666391032
2.1	0.666666666393788
2.101	0.666666666396517
2.102	0.666666666399219
2.103	0.666666666401893
2.104	0.666666666404541
2.105	0.666666666407162
2.106	0.666666666409757
2.107	0.666666666412326
2.108	0.66666666641487
2.109	0.666666666417388
2.11	0.66666666641988
2.111	0.666666666422348
2.112	0.666666666424792
2.113	0.66666666642721
2.114	0.666666666429605
2.115	0.666666666431975
2.116	0.666666666434322
2.117	0.666666666436646
2.118	0.666666666438946
2.119	0.666666666441223
2.12	0.666666666443478
2.121	0.666666666445709
2.122	0.666666666447919
2.123	0.666666666450106
2.124	0.666666666452272
2.125	0.666666666454416
2.126	0.666666666456539
2.127	0.66666666645864
2.128	0.66666666646072
2.129	0.66666666646278
2.13	0.666666666464818
2.131	0.666666666466837
2.132	0.666666666468835
2.133	0.666666666470814
2.134	0.666666666472772
2.135	0.666666666474711
2.136	0.666666666476631
2.137	0.666666666478531
2.138	0.666666666480413
2.139	0.666666666482275
2.14	0.666666666484119
2.141	0.666666666485944
2.142	0.666666666487752
2.143	0.666666666489541
2.144	0.666666666491312
2.145	0.666666666493065
2.146	0.666666666494802
2.147	0.66666666649652
2.148	0.666666666498222
2.149	0.666666666499906
2.15	0.666666666501574
2.151	0.666666666503225
2.152	0.666666666504859
2.153	0.666666666506477
2.154	0.666666666508079
2.155	0.666666666509665
2.156	0.666666666511235
2.157	0.666666666512789
2.158	0.666666666514328
2.159	0.666666666515851
2.16	0.666666666517359
2.161	0.666666666518853
2.162	0.666666666520331
2.163	0.666666666521794
2.164	0.666666666523243
2.165	0.666666666524677
2.166	0.666666666526097
2.167	0.666666666527503
2.168	0.666666666528894
2.169	0.666666666530272
2.17	0.666666666531636
2.171	0.666666666532987
2.172	0.666666666534323
2.173	0.666666666535647
2.174	0.666666666536957
2.175	0.666666666538254
2.176	0.666666666539538
2.177	0.666666666540809
2.178	0.666666666542068
2.179	0.666666666543314
2.18	0.666666666544547
2.181	0.666666666545769
2.182	0.666666666546978
2.183	0.666666666548174
2.184	0.666666666549359
2.185	0.666666666550532
2.186	0.666666666551694
2.187	0.666666666552844
2.188	0.666666666553982
2.189	0.666666666555109
2.19	0.666666666556224
2.191	0.666666666557329
2.192	0.666666666558422
2.193	0.666666666559505
2.194	0.666666666560576
2.195	0.666666666561637
2.196	0.666666666562688
2.197	0.666666666563727
2.198	0.666666666564757
2.199	0.666666666565776
2.2	0.666666666566785
2.201	0.666666666567784
2.202	0.666666666568772
2.203	0.666666666569751
2.204	0.666666666570721
2.205	0.66666666657168
2.206	0.66666666657263
2.207	0.66666666657357
2.208	0.666666666574501
2.209	0.666666666575423
2.21	0.666666666576335
2.211	0.666666666577239
2.212	0.666666666578133
2.213	0.666666666579018
2.214	0.666666666579895
2.215	0.666666666580762
2.216	0.666666666581621
2.217	0.666666666582472
2.218	0.666666666583314
2.219	0.666666666584147
2.22	0.666666666584972
2.221	0.666666666585789
2.222	0.666666666586598
2.223	0.666666666587399
2.224	0.666666666588191
2.225	0.666666666588976
2.226	0.666666666589753
2.227	0.666666666590522
2.228	0.666666666591284
2.229	0.666666666592038
2.23	0.666666666592784
2.231	0.666666666593523
2.232	0.666666666594254
2.233	0.666666666594978
2.234	0.666666666595695
2.235	0.666666666596405
2.236	0.666666666597107
2.237	0.666666666597803
2.238	0.666666666598492
2.239	0.666666666599174
2.24	0.666666666599848
2.241	0.666666666600517
2.242	0.666666666601178
2.243	0.666666666601833
2.244	0.666666666602481
2.245	0.666666666603123
2.246	0.666666666603759
2.247	0.666666666604388
2.248	0.666666666605011
2.249	0.666666666605627
2.25	0.666666666606237
2.251	0.666666666606842
2.252	0.66666666660744
2.253	0.666666666608032
2.254	0.666666666608619
2.255	0.666666666609199
2.256	0.666666666609774
2.257	0.666666666610343
2.258	0.666666666610906
2.259	0.666666666611463
2.26	0.666666666612016
2.261	0.666666666612562
2.262	0.666666666613103
2.263	0.666666666613639
2.264	0.666666666614169
2.265	0.666666666614694
2.266	0.666666666615214
2.267	0.666666666615728
2.268	0.666666666616238
2.269	0.666666666616742
2.27	0.666666666617241
2.271	0.666666666617735
2.272	0.666666666618225
2.273	0.666666666618709
2.274	0.666666666619189
2.275	0.666666666619664
2.276	0.666666666620134
2.277	0.666666666620599
2.278	0.66666666662106
2.279	0.666666666621516
2.28	0.666666666621967
2.281	0.666666666622414
2.282	0.666666666622857
2.283	0.666666666623295
2.284	0.666666666623729
2.285	0.666666666624158
2.286	0.666666666624583
2.287	0.666666666625004
2.288	0.666666666625421
2.289	0.666666666625833
2.29	0.666666666626241
2.291	0.666666666626646
2.292	0.666666666627046
2.293	0.666666666627442
2.294	0.666666666627834
2.295	0.666666666628222
2.296	0.666666666628607
2.297	0.666666666628987
2.298	0.666666666629364
2.299	0.666666666629737
2.3	0.666666666630107
2.301	0.666666666630472
2.302	0.666666666630834
2.303	0.666666666631192
2.304	0.666666666631547
2.305	0.666666666631898
2.306	0.666666666632246
2.307	0.66666666663259
2.308	0.666666666632931
2.309	0.666666666633268
2.31	0.666666666633602
2.311	0.666666666633933
2.312	0.66666666663426
2.313	0.666666666634584
2.314	0.666666666634905
2.315	0.666666666635223
2.316	0.666666666635537
2.317	0.666666666635848
2.318	0.666666666636157
2.319	0.666666666636462
2.32	0.666666666636764
2.321	0.666666666637063
2.322	0.666666666637359
2.323	0.666666666637652
2.324	0.666666666637942
2.325	0.66666666663823
2.326	0.666666666638514
2.327	0.666666666638796
2.328	0.666666666639074
2.329	0.66666666663935
2.33	0.666666666639623
2.331	0.666666666639894
2.332	0.666666666640162
2.333	0.666666666640427
2.334	0.666666666640689
2.335	0.666666666640949
2.336	0.666666666641206
2.337	0.666666666641461
2.338	0.666666666641713
2.339	0.666666666641962
2.34	0.666666666642209
2.341	0.666666666642454
2.342	0.666666666642696
2.343	0.666666666642936
2.344	0.666666666643173
2.345	0.666666666643408
2.346	0.66666666664364
2.347	0.666666666643871
2.348	0.666666666644099
2.349	0.666666666644324
2.35	0.666666666644548
2.351	0.666666666644769
2.352	0.666666666644988
2.353	0.666666666645205
2.354	0.666666666645419
2.355	0.666666666645632
2.356	0.666666666645842
2.357	0.66666666664605
2.358	0.666666666646257
2.359	0.666666666646461
2.36	0.666666666646663
2.361	0.666666666646863
2.362	0.666666666647061
2.363	0.666666666647257
2.364	0.666666666647451
2.365	0.666666666647643
2.366	0.666666666647834
2.367	0.666666666648022
2.368	0.666666666648208
2.369	0.666666666648393
2.37	0.666666666648576
2.371	0.666666666648757
2.372	0.666666666648936
2.373	0.666666666649113
2.374	0.666666666649289
2.375	0.666666666649462
2.376	0.666666666649634
2.377	0.666666666649805
2.378	0.666666666649973
2.379	0.66666666665014
2.38	0.666666666650305
2.381	0.666666666650469
2.382	0.666666666650631
2.383	0.666666666650791
2.384	0.66666666665095
2.385	0.666666666651107
2.386	0.666666666651263
2.387	0.666666666651417
2.388	0.666666666651569
2.389	0.66666666665172
2.39	0.66666666665187
2.391	0.666666666652018
2.392	0.666666666652164
2.393	0.66666666665231
2.394	0.666666666652453
2.395	0.666666666652595
2.396	0.666666666652736
2.397	0.666666666652875
2.398	0.666666666653013
2.399	0.66666666665315
2.4	0.666666666653285
2.401	0.666666666653419
2.402	0.666666666653551
2.403	0.666666666653682
2.404	0.666666666653812
2.405	0.666666666653941
2.406	0.666666666654068
2.407	0.666666666654194
2.408	0.666666666654319
2.409	0.666666666654442
2.41	0.666666666654564
2.411	0.666666666654685
2.412	0.666666666654805
2.413	0.666666666654924
2.414	0.666666666655041
2.415	0.666666666655158
2.416	0.666666666655273
2.417	0.666666666655386
2.418	0.666666666655499
2.419	0.666666666655611
2.42	0.666666666655722
2.421	0.666666666655831
2.422	0.666666666655939
2.423	0.666666666656047
2.424	0.666666666656153
2.425	0.666666666656258
2.426	0.666666666656362
2.427	0.666666666656465
2.428	0.666666666656567
2.429	0.666666666656668
2.43	0.666666666656768
2.431	0.666666666656867
2.432	0.666666666656965
2.433	0.666666666657062
2.434	0.666666666657158
2.435	0.666666666657253
2.436	0.666666666657347
2.437	0.666666666657441
2.438	0.666666666657533
2.439	0.666666666657624
2.44	0.666666666657714
2.441	0.666666666657804
2.442	0.666666666657893
2.443	0.666666666657981
2.444	0.666666666658067
2.445	0.666666666658153
2.446	0.666666666658239
2.447	0.666666666658323
2.448	0.666666666658406
2.449	0.666666666658489
2.45	0.66666666665857
2.451	0.666666666658652
2.452	0.666666666658732
2.453	0.666666666658811
2.454	0.666666666658889
2.455	0.666666666658967
2.456	0.666666666659044
2.457	0.66666666665912
2.458	0.666666666659196
2.459	0.666666666659271
2.46	0.666666666659345
2.461	0.666666666659418
2.462	0.66666666665949
2.463	0.666666666659562
2.464	0.666666666659633
2.465	0.666666666659704
2.466	0.666666666659773
2.467	0.666666666659842
2.468	0.66666666665991
2.469	0.666666666659978
2.47	0.666666666660045
2.471	0.666666666660111
2.472	0.666666666660177
2.473	0.666666666660241
2.474	0.666666666660306
2.475	0.666666666660369
2.476	0.666666666660432
2.477	0.666666666660494
2.478	0.666666666660556
2.479	0.666666666660617
2.48	0.666666666660678
2.481	0.666666666660738
2.482	0.666666666660797
2.483	0.666666666660856
2.484	0.666666666660914
2.485	0.666666666660971
2.486	0.666666666661028
2.487	0.666666666661085
2.488	0.666666666661141
2.489	0.666666666661196
2.49	0.666666666661251
2.491	0.666666666661305
2.492	0.666666666661358
2.493	0.666666666661411
2.494	0.666666666661464
2.495	0.666666666661516
2.496	0.666666666661567
2.497	0.666666666661619
2.498	0.666666666661669
2.499	0.666666666661719
2.5	0.666666666661768
2.501	0.666666666661817
2.502	0.666666666661866
2.503	0.666666666661914
2.504	0.666666666661961
2.505	0.666666666662008
2.506	0.666666666662055
2.507	0.666666666662101
2.508	0.666666666662147
2.509	0.666666666662192
2.51	0.666666666662237
2.511	0.666666666662281
2.512	0.666666666662325
2.513	0.666666666662368
2.514	0.666666666662411
2.515	0.666666666662454
2.516	0.666666666662496
2.517	0.666666666662538
2.518	0.666666666662579
2.519	0.66666666666262
2.52	0.66666666666266
2.521	0.6666666666627
2.522	0.66666666666274
2.523	0.666666666662779
2.524	0.666666666662818
2.525	0.666666666662856
2.526	0.666666666662895
2.527	0.666666666662932
2.528	0.66666666666297
2.529	0.666666666663007
2.53	0.666666666663043
2.531	0.666666666663079
2.532	0.666666666663115
2.533	0.666666666663151
2.534	0.666666666663186
2.535	0.666666666663221
2.536	0.666666666663255
2.537	0.666666666663289
2.538	0.666666666663323
2.539	0.666666666663357
2.54	0.66666666666339
2.541	0.666666666663422
2.542	0.666666666663455
2.543	0.666666666663487
2.544	0.666666666663519
2.545	0.66666666666355
2.546	0.666666666663581
2.547	0.666666666663612
2.548	0.666666666663643
2.549	0.666666666663673
2.55	0.666666666663703
2.551	0.666666666663733
2.552	0.666666666663762
2.553	0.666666666663791
2.554	0.66666666666382
2.555	0.666666666663848
2.556	0.666666666663876
2.557	0.666666666663904
2.558	0.666666666663932
2.559	0.666666666663959
2.56	0.666666666663987
2.561	0.666666666664013
2.562	0.66666666666404
2.563	0.666666666664066
2.564	0.666666666664092
2.565	0.666666666664118
2.566	0.666666666664143
2.567	0.666666666664169
2.568	0.666666666664194
2.569	0.666666666664218
2.57	0.666666666664243
2.571	0.666666666664267
2.572	0.666666666664291
2.573	0.666666666664315
2.574	0.666666666664338
2.575	0.666666666664362
2.576	0.666666666664385
2.577	0.666666666664407
2.578	0.66666666666443
2.579	0.666666666664452
2.58	0.666666666664475
2.581	0.666666666664497
2.582	0.666666666664518
2.583	0.66666666666454
2.584	0.666666666664561
2.585	0.666666666664582
2.586	0.666666666664603
2.587	0.666666666664623
2.588	0.666666666664644
2.589	0.666666666664664
2.59	0.666666666664684
2.591	0.666666666664704
2.592	0.666666666664724
2.593	0.666666666664743
2.594	0.666666666664762
2.595	0.666666666664781
2.596	0.6666666666648
2.597	0.666666666664819
2.598	0.666666666664837
2.599	0.666666666664856
2.6	0.666666666664874
2.601	0.666666666664892
2.602	0.66666666666491
2.603	0.666666666664927
2.604	0.666666666664945
2.605	0.666666666664962
2.606	0.666666666664979
2.607	0.666666666664996
2.608	0.666666666665012
2.609	0.666666666665029
2.61	0.666666666665045
2.611	0.666666666665062
2.612	0.666666666665078
2.613	0.666666666665093
2.614	0.666666666665109
2.615	0.666666666665125
2.616	0.66666666666514
2.617	0.666666666665155
2.618	0.66666666666517
2.619	0.666666666665186
2.62	0.6666666666652
2.621	0.666666666665215
2.622	0.66666666666523
2.623	0.666666666665244
2.624	0.666666666665258
2.625	0.666666666665272
2.626	0.666666666665286
2.627	0.6666666666653
2.628	0.666666666665314
2.629	0.666666666665327
2.63	0.66666666666534
2.631	0.666666666665354
2.632	0.666666666665367
2.633	0.66666666666538
2.634	0.666666666665393
2.635	0.666666666665406
2.636	0.666666666665418
2.637	0.666666666665431
2.638	0.666666666665443
2.639	0.666666666665455
2.64	0.666666666665467
2.641	0.666666666665479
2.642	0.666666666665491
2.643	0.666666666665503
2.644	0.666666666665514
2.645	0.666666666665526
2.646	0.666666666665538
2.647	0.666666666665549
2.648	0.66666666666556
2.649	0.666666666665571
2.65	0.666666666665582
2.651	0.666666666665593
2.652	0.666666666665603
2.653	0.666666666665614
2.654	0.666666666665625
2.655	0.666666666665635
2.656	0.666666666665645
2.657	0.666666666665656
2.658	0.666666666665666
2.659	0.666666666665676
2.66	0.666666666665686
2.661	0.666666666665695
2.662	0.666666666665705
2.663	0.666666666665715
2.664	0.666666666665724
2.665	0.666666666665734
2.666	0.666666666665743
2.667	0.666666666665752
2.668	0.666666666665761
2.669	0.66666666666577
2.67	0.666666666665779
2.671	0.666666666665788
2.672	0.666666666665797
2.673	0.666666666665806
2.674	0.666666666665814
2.675	0.666666666665823
2.676	0.666666666665831
2.677	0.66666666666584
2.678	0.666666666665848
2.679	0.666666666665856
2.68	0.666666666665864
2.681	0.666666666665872
2.682	0.66666666666588
2.683	0.666666666665888
2.684	0.666666666665896
2.685	0.666666666665904
2.686	0.666666666665911
2.687	0.666666666665919
2.688	0.666666666665926
2.689	0.666666666665934
2.69	0.666666666665941
2.691	0.666666666665948
2.692	0.666666666665955
2.693	0.666666666665962
2.694	0.66666666666597
2.695	0.666666666665977
2.696	0.666666666665983
2.697	0.66666666666599
2.698	0.666666666665997
2.699	0.666666666666004
2.7	0.66666666666601
2.701	0.666666666666017
2.702	0.666666666666023
2.703	0.66666666666603
2.704	0.666666666666036
2.705	0.666666666666043
2.706	0.666666666666049
2.707	0.666666666666055
2.708	0.666666666666061
2.709	0.666666666666067
2.71	0.666666666666073
2.711	0.666666666666079
2.712	0.666666666666085
2.713	0.666666666666091
2.714	0.666666666666097
2.715	0.666666666666102
2.716	0.666666666666108
2.717	0.666666666666114
2.718	0.666666666666119
2.719	0.666666666666125
2.72	0.66666666666613
2.721	0.666666666666136
2.722	0.666666666666141
2.723	0.666666666666146
2.724	0.666666666666151
2.725	0.666666666666157
2.726	0.666666666666162
2.727	0.666666666666167
2.728	0.666666666666172
2.729	0.666666666666177
2.73	0.666666666666181
2.731	0.666666666666186
2.732	0.666666666666191
2.733	0.666666666666196
2.734	0.666666666666201
2.735	0.666666666666205
2.736	0.66666666666621
2.737	0.666666666666214
2.738	0.666666666666219
2.739	0.666666666666223
2.74	0.666666666666228
2.741	0.666666666666232
2.742	0.666666666666236
2.743	0.666666666666241
2.744	0.666666666666245
2.745	0.666666666666249
2.746	0.666666666666253
2.747	0.666666666666258
2.748	0.666666666666262
2.749	0.666666666666266
2.75	0.66666666666627
2.751	0.666666666666274
2.752	0.666666666666278
2.753	0.666666666666281
2.754	0.666666666666285
2.755	0.666666666666289
2.756	0.666666666666293
2.757	0.666666666666297
2.758	0.6666666666663
2.759	0.666666666666304
2.76	0.666666666666308
2.761	0.666666666666311
2.762	0.666666666666315
2.763	0.666666666666318
2.764	0.666666666666322
2.765	0.666666666666325
2.766	0.666666666666329
2.767	0.666666666666332
2.768	0.666666666666335
2.769	0.666666666666339
2.77	0.666666666666342
2.771	0.666666666666345
2.772	0.666666666666348
2.773	0.666666666666352
2.774	0.666666666666355
2.775	0.666666666666358
2.776	0.666666666666361
2.777	0.666666666666364
2.778	0.666666666666367
2.779	0.66666666666637
2.78	0.666666666666373
2.781	0.666666666666376
2.782	0.666666666666379
2.783	0.666666666666382
2.784	0.666666666666385
2.785	0.666666666666387
2.786	0.66666666666639
2.787	0.666666666666393
2.788	0.666666666666396
2.789	0.666666666666398
2.79	0.666666666666401
2.791	0.666666666666404
2.792	0.666666666666406
2.793	0.666666666666409
2.794	0.666666666666412
2.795	0.666666666666414
2.796	0.666666666666417
2.797	0.666666666666419
2.798	0.666666666666422
2.799	0.666666666666424
2.8	0.666666666666426
2.801	0.666666666666429
2.802	0.666666666666431
2.803	0.666666666666434
2.804	0.666666666666436
2.805	0.666666666666438
2.806	0.66666666666644
2.807	0.666666666666443
2.808	0.666666666666445
2.809	0.666666666666447
2.81	0.666666666666449
2.811	0.666666666666452
2.812	0.666666666666454
2.813	0.666666666666456
2.814	0.666666666666458
2.815	0.66666666666646
2.816	0.666666666666462
2.817	0.666666666666464
2.818	0.666666666666466
2.819	0.666666666666468
2.82	0.66666666666647
2.821	0.666666666666472
2.822	0.666666666666474
2.823	0.666666666666476
2.824	0.666666666666478
2.825	0.66666666666648
2.826	0.666666666666482
2.827	0.666666666666484
2.828	0.666666666666485
2.829	0.666666666666487
2.83	0.666666666666489
2.831	0.666666666666491
2.832	0.666666666666493
2.833	0.666666666666494
2.834	0.666666666666496
2.835	0.666666666666498
2.836	0.666666666666499
2.837	0.666666666666501
2.838	0.666666666666503
2.839	0.666666666666504
2.84	0.666666666666506
2.841	0.666666666666508
2.842	0.666666666666509
2.843	0.666666666666511
2.844	0.666666666666512
2.845	0.666666666666514
2.846	0.666666666666515
2.847	0.666666666666517
2.848	0.666666666666518
2.849	0.66666666666652
2.85	0.666666666666521
2.851	0.666666666666523
2.852	0.666666666666524
2.853	0.666666666666526
2.854	0.666666666666527
2.855	0.666666666666528
2.856	0.66666666666653
2.857	0.666666666666531
2.858	0.666666666666532
2.859	0.666666666666534
2.86	0.666666666666535
2.861	0.666666666666536
2.862	0.666666666666538
2.863	0.666666666666539
2.864	0.66666666666654
2.865	0.666666666666542
2.866	0.666666666666543
2.867	0.666666666666544
2.868	0.666666666666545
2.869	0.666666666666547
2.87	0.666666666666548
2.871	0.666666666666549
2.872	0.66666666666655
2.873	0.666666666666551
2.874	0.666666666666552
2.875	0.666666666666554
2.876	0.666666666666555
2.877	0.666666666666556
2.878	0.666666666666557
2.879	0.666666666666558
2.88	0.666666666666559
2.881	0.66666666666656
2.882	0.666666666666561
2.883	0.666666666666562
2.884	0.666666666666563
2.885	0.666666666666564
2.886	0.666666666666566
2.887	0.666666666666567
2.888	0.666666666666567
2.889	0.666666666666568
2.89	0.666666666666569
2.891	0.66666666666657
2.892	0.666666666666571
2.893	0.666666666666572
2.894	0.666666666666573
2.895	0.666666666666574
2.896	0.666666666666575
2.897	0.666666666666576
2.898	0.666666666666577
2.899	0.666666666666578
2.9	0.666666666666579
2.901	0.66666666666658
2.902	0.66666666666658
2.903	0.666666666666581
2.904	0.666666666666582
2.905	0.666666666666583
2.906	0.666666666666584
2.907	0.666666666666585
2.908	0.666666666666586
2.909	0.666666666666586
2.91	0.666666666666587
2.911	0.666666666666588
2.912	0.666666666666589
2.913	0.666666666666589
2.914	0.66666666666659
2.915	0.666666666666591
2.916	0.666666666666592
2.917	0.666666666666593
2.918	0.666666666666593
2.919	0.666666666666594
2.92	0.666666666666595
2.921	0.666666666666595
2.922	0.666666666666596
2.923	0.666666666666597
2.924	0.666666666666598
2.925	0.666666666666598
2.926	0.666666666666599
2.927	0.6666666666666
2.928	0.6666666666666
2.929	0.666666666666601
2.93	0.666666666666602
2.931	0.666666666666602
2.932	0.666666666666603
2.933	0.666666666666604
2.934	0.666666666666604
2.935	0.666666666666605
2.936	0.666666666666605
2.937	0.666666666666606
2.938	0.666666666666607
2.939	0.666666666666607
2.94	0.666666666666608
2.941	0.666666666666609
2.942	0.666666666666609
2.943	0.666666666666609
2.944	0.66666666666661
2.945	0.666666666666611
2.946	0.666666666666611
2.947	0.666666666666612
2.948	0.666666666666612
2.949	0.666666666666613
2.95	0.666666666666614
2.951	0.666666666666614
2.952	0.666666666666614
2.953	0.666666666666615
2.954	0.666666666666615
2.955	0.666666666666616
2.956	0.666666666666616
2.957	0.666666666666617
2.958	0.666666666666617
2.959	0.666666666666618
2.96	0.666666666666618
2.961	0.666666666666619
2.962	0.666666666666619
2.963	0.66666666666662
2.964	0.66666666666662
2.965	0.666666666666621
2.966	0.666666666666621
2.967	0.666666666666622
2.968	0.666666666666622
2.969	0.666666666666623
2.97	0.666666666666623
2.971	0.666666666666624
2.972	0.666666666666624
2.973	0.666666666666624
2.974	0.666666666666625
2.975	0.666666666666625
2.976	0.666666666666626
2.977	0.666666666666626
2.978	0.666666666666626
2.979	0.666666666666627
2.98	0.666666666666627
2.981	0.666666666666628
2.982	0.666666666666628
2.983	0.666666666666628
2.984	0.666666666666629
2.985	0.666666666666629
2.986	0.66666666666663
2.987	0.66666666666663
2.988	0.66666666666663
2.989	0.666666666666631
2.99	0.666666666666631
2.991	0.666666666666631
2.992	0.666666666666632
2.993	0.666666666666632
2.994	0.666666666666632
2.995	0.666666666666633
2.996	0.666666666666633
2.997	0.666666666666633
2.998	0.666666666666634
2.999	0.666666666666634
3	0.666666666666634
3.001	0.666666666666635
3.002	0.666666666666635
3.003	0.666666666666635
3.004	0.666666666666636
3.005	0.666666666666636
3.006	0.666666666666636
3.007	0.666666666666637
3.008	0.666666666666637
3.009	0.666666666666637
3.01	0.666666666666637
3.011	0.666666666666638
3.012	0.666666666666638
3.013	0.666666666666638
3.014	0.666666666666639
3.015	0.666666666666639
3.016	0.666666666666639
3.017	0.666666666666639
3.018	0.66666666666664
3.019	0.66666666666664
3.02	0.66666666666664
3.021	0.666666666666641
3.022	0.666666666666641
3.023	0.666666666666641
3.024	0.666666666666641
3.025	0.666666666666642
3.026	0.666666666666642
3.027	0.666666666666642
3.028	0.666666666666642
3.029	0.666666666666643
3.03	0.666666666666643
3.031	0.666666666666643
3.032	0.666666666666643
3.033	0.666666666666643
3.034	0.666666666666644
3.035	0.666666666666644
3.036	0.666666666666644
3.037	0.666666666666644
3.038	0.666666666666644
3.039	0.666666666666645
3.04	0.666666666666645
3.041	0.666666666666645
3.042	0.666666666666645
3.043	0.666666666666646
3.044	0.666666666666646
3.045	0.666666666666646
3.046	0.666666666666646
3.047	0.666666666666647
3.048	0.666666666666647
3.049	0.666666666666647
3.05	0.666666666666647
3.051	0.666666666666648
3.052	0.666666666666648
3.053	0.666666666666648
3.054	0.666666666666648
3.055	0.666666666666648
3.056	0.666666666666648
3.057	0.666666666666649
3.058	0.666666666666649
3.059	0.666666666666649
3.06	0.666666666666649
3.061	0.666666666666649
3.062	0.666666666666649
3.063	0.666666666666649
3.064	0.66666666666665
3.065	0.66666666666665
3.066	0.66666666666665
3.067	0.66666666666665
3.068	0.66666666666665
3.069	0.66666666666665
3.07	0.666666666666651
3.071	0.666666666666651
3.072	0.666666666666651
3.073	0.666666666666651
3.074	0.666666666666651
3.075	0.666666666666652
3.076	0.666666666666652
3.077	0.666666666666652
3.078	0.666666666666652
3.079	0.666666666666652
3.08	0.666666666666652
3.081	0.666666666666653
3.082	0.666666666666653
3.083	0.666666666666653
3.084	0.666666666666653
3.085	0.666666666666653
3.086	0.666666666666653
3.087	0.666666666666653
3.088	0.666666666666653
3.089	0.666666666666654
3.09	0.666666666666654
3.091	0.666666666666654
3.092	0.666666666666654
3.093	0.666666666666654
3.094	0.666666666666654
3.095	0.666666666666654
3.096	0.666666666666654
3.097	0.666666666666654
3.098	0.666666666666654
3.099	0.666666666666655
3.1	0.666666666666655
3.101	0.666666666666655
3.102	0.666666666666655
3.103	0.666666666666655
3.104	0.666666666666655
3.105	0.666666666666655
3.106	0.666666666666655
3.107	0.666666666666655
3.108	0.666666666666655
3.109	0.666666666666656
3.11	0.666666666666656
3.111	0.666666666666656
3.112	0.666666666666656
3.113	0.666666666666656
3.114	0.666666666666656
3.115	0.666666666666656
3.116	0.666666666666657
3.117	0.666666666666657
3.118	0.666666666666657
3.119	0.666666666666657
3.12	0.666666666666657
3.121	0.666666666666657
3.122	0.666666666666657
3.123	0.666666666666657
3.124	0.666666666666658
3.125	0.666666666666658
3.126	0.666666666666658
3.127	0.666666666666658
3.128	0.666666666666658
3.129	0.666666666666658
3.13	0.666666666666658
3.131	0.666666666666658
3.132	0.666666666666659
3.133	0.666666666666659
3.134	0.666666666666659
3.135	0.666666666666659
3.136	0.666666666666659
3.137	0.666666666666659
3.141	0.666666666666659
3.142	0.666666666666659
3.144	0.666666666666659
3.145	0.666666666666659
3.147	0.666666666666659
3.148	0.666666666666659
3.149	0.666666666666659
3.15	0.666666666666659
3.151	0.666666666666659
3.152	0.66666666666666
3.154	0.66666666666666
3.155	0.66666666666666
3.156	0.66666666666666
3.157	0.66666666666666
3.158	0.66666666666666
3.159	0.66666666666666
3.16	0.66666666666666
3.161	0.66666666666666
3.162	0.66666666666666
3.163	0.66666666666666
3.164	0.66666666666666
3.165	0.66666666666666
3.166	0.66666666666666
3.167	0.66666666666666
3.168	0.66666666666666
3.169	0.66666666666666
3.17	0.66666666666666
3.171	0.66666666666666
3.172	0.666666666666661
3.173	0.666666666666661
3.174	0.666666666666661
3.175	0.666666666666661
3.176	0.666666666666661
3.177	0.666666666666661
3.178	0.666666666666661
3.179	0.666666666666661
3.18	0.666666666666661
3.181	0.666666666666661
3.182	0.666666666666661
3.183	0.666666666666661
3.184	0.666666666666661
3.185	0.666666666666661
3.186	0.666666666666661
3.187	0.666666666666662
3.188	0.666666666666662
3.189	0.666666666666662
3.19	0.666666666666662
3.191	0.666666666666662
3.192	0.666666666666662
3.193	0.666666666666662
3.194	0.666666666666662
3.195	0.666666666666662
3.196	0.666666666666662
3.197	0.666666666666662
3.198	0.666666666666662
3.199	0.666666666666662
3.2	0.666666666666662
3.201	0.666666666666662
3.202	0.666666666666662
3.203	0.666666666666663
3.204	0.666666666666663
3.205	0.666666666666663
3.206	0.666666666666663
3.207	0.666666666666663
3.208	0.666666666666663
3.209	0.666666666666663
3.21	0.666666666666663
3.211	0.666666666666663
3.212	0.666666666666663
3.213	0.666666666666663
3.214	0.666666666666663
3.215	0.666666666666663
3.216	0.666666666666663
3.217	0.666666666666663
3.218	0.666666666666663
3.219	0.666666666666664
3.22	0.666666666666664
3.221	0.666666666666664
3.222	0.666666666666664
3.223	0.666666666666664
3.224	0.666666666666664
3.225	0.666666666666664
3.226	0.666666666666664
3.227	0.666666666666664
3.228	0.666666666666664
3.229	0.666666666666664
3.23	0.666666666666664
3.231	0.666666666666664
3.232	0.666666666666664
3.233	0.666666666666664
3.234	0.666666666666665
3.235	0.666666666666665
3.236	0.666666666666665
3.237	0.666666666666665
3.239	0.666666666666665
3.24	0.666666666666664
3.242	0.666666666666664
3.243	0.666666666666664
3.246	0.666666666666664
3.247	0.666666666666664
3.252	0.666666666666664
3.253	0.666666666666664
3.263	0.666666666666664
3.264	0.666666666666664
10	0.666666666666664